{
 "cells": [
  {
   "cell_type": "code",
   "execution_count": 12,
   "metadata": {
    "collapsed": true
   },
   "outputs": [],
   "source": [
    "# importer les modules\n",
    "import csv, math\n",
    "import numpy as np\n",
    "import pandas as pd"
   ]
  },
  {
   "cell_type": "code",
   "execution_count": 13,
   "metadata": {
    "collapsed": false
   },
   "outputs": [
    {
     "name": "stdout",
     "output_type": "stream",
     "text": [
      "[['1' '1754' '23' ..., '0' '20' '0']\n",
      " ['2' '1755' '21' ..., '0' '20' '0']\n",
      " ['3' '43493' '25' ..., '1' '30' '0']\n",
      " ..., \n",
      " ['309' '43625' '23' ..., '1' '30' '0']\n",
      " ['310' '1048' '25' ..., '0' '20' '0']\n",
      " ['311' '1050' '79' ..., '0' '20' '0']]\n"
     ]
    }
   ],
   "source": [
    "# Lecture des fichiers texte en CSV\n",
    "# ouvrir et lire le fichier concerne\n",
    "fichier =\"liste2.csv\"\n",
    "fichier_lire=open(fichier,\"r\")\n",
    "fichier_csv = csv.reader(fichier_lire,delimiter=\",\")\n",
    "tab=list(fichier_csv) \n",
    "mvector=np.asarray(tab)\n",
    "x1=mvector[1:,0]\n",
    "#print(x1)\n",
    "print(mvector[1:,:])"
   ]
  },
  {
   "cell_type": "code",
   "execution_count": 23,
   "metadata": {
    "collapsed": false
   },
   "outputs": [
    {
     "name": "stdout",
     "output_type": "stream",
     "text": [
      "[  1.57627119e+02   8.88547797e+03   3.54021695e+03   1.92000000e+02\n",
      "   1.68000000e+02   7.45762712e-01   3.09152542e+01   1.92000000e+02\n",
      "   1.68000000e+02   2.54237288e-01   3.36610169e+01   1.32203390e-01]\n",
      "(12, 12)\n",
      "(295, 12)\n",
      "[[  8.15810538e+03   8.65260258e+04  -1.39175667e+05   0.00000000e+00\n",
      "    0.00000000e+00   2.02052346e+00   5.66689727e+01   0.00000000e+00\n",
      "    0.00000000e+00  -2.02052346e+00   1.40228295e+01   1.04372190e+01]\n",
      " [  8.65260258e+04   2.56190197e+08  -3.07824121e+07   0.00000000e+00\n",
      "    0.00000000e+00  -5.40940868e+03   6.62554794e+04   0.00000000e+00\n",
      "    0.00000000e+00   5.40940868e+03  -2.71977082e+04  -9.32162043e+02]\n",
      " [ -1.39175667e+05  -3.07824121e+07   1.29967780e+08   0.00000000e+00\n",
      "    0.00000000e+00   7.48279834e+02  -4.58434890e+03   0.00000000e+00\n",
      "    0.00000000e+00  -7.48279834e+02   1.98277745e+04  -3.67409731e+02]\n",
      " [  0.00000000e+00   0.00000000e+00   0.00000000e+00   0.00000000e+00\n",
      "    0.00000000e+00   0.00000000e+00   0.00000000e+00   0.00000000e+00\n",
      "    0.00000000e+00   0.00000000e+00   0.00000000e+00   0.00000000e+00]\n",
      " [  0.00000000e+00   0.00000000e+00   0.00000000e+00   0.00000000e+00\n",
      "    0.00000000e+00   0.00000000e+00   0.00000000e+00   0.00000000e+00\n",
      "    0.00000000e+00   0.00000000e+00   0.00000000e+00   0.00000000e+00]\n",
      " [  2.02052346e+00  -5.40940868e+03   7.48279834e+02   0.00000000e+00\n",
      "    0.00000000e+00   1.90245590e-01  -6.84884123e-01   0.00000000e+00\n",
      "    0.00000000e+00  -1.90245590e-01   9.33932895e-01   3.03239940e-02]\n",
      " [  5.66689727e+01   6.62554794e+04  -4.58434890e+03   0.00000000e+00\n",
      "    0.00000000e+00  -6.84884123e-01   2.46696645e+01   0.00000000e+00\n",
      "    0.00000000e+00   6.84884123e-01  -3.36215842e+00  -1.55424882e-01]\n",
      " [  0.00000000e+00   0.00000000e+00   0.00000000e+00   0.00000000e+00\n",
      "    0.00000000e+00   0.00000000e+00   0.00000000e+00   0.00000000e+00\n",
      "    0.00000000e+00   0.00000000e+00   0.00000000e+00   0.00000000e+00]\n",
      " [  0.00000000e+00   0.00000000e+00   0.00000000e+00   0.00000000e+00\n",
      "    0.00000000e+00   0.00000000e+00   0.00000000e+00   0.00000000e+00\n",
      "    0.00000000e+00   0.00000000e+00   0.00000000e+00   0.00000000e+00]\n",
      " [ -2.02052346e+00   5.40940868e+03  -7.48279834e+02   0.00000000e+00\n",
      "    0.00000000e+00  -1.90245590e-01   6.84884123e-01   0.00000000e+00\n",
      "    0.00000000e+00   1.90245590e-01  -9.33932895e-01  -3.03239940e-02]\n",
      " [  1.40228295e+01  -2.71977082e+04   1.98277745e+04   0.00000000e+00\n",
      "    0.00000000e+00   9.33932895e-01  -3.36215842e+00   0.00000000e+00\n",
      "    0.00000000e+00  -9.33932895e-01   6.13812983e+01  -6.89726738e-01]\n",
      " [  1.04372190e+01  -9.32162043e+02  -3.67409731e+02   0.00000000e+00\n",
      "    0.00000000e+00   3.03239940e-02  -1.55424882e-01   0.00000000e+00\n",
      "    0.00000000e+00  -3.03239940e-02  -6.89726738e-01   1.15115877e-01]]\n"
     ]
    }
   ],
   "source": [
    "fichier_lire=open(fichier,\"r\")\n",
    "csv = pd.read_csv(fichier_lire,delimiter=\",\")\n",
    "x_mean=csv.mean()\n",
    "\n",
    "mean=np.asarray(x_mean)\n",
    "print(mean)\n",
    "cov=np.cov(mvector[1:,:].astype(np.float),rowvar=0)\n",
    "\n",
    "print(cov.shape)\n",
    "print(mvector[1:,:].shape)\n"
   ]
  },
  {
   "cell_type": "code",
   "execution_count": null,
   "metadata": {
    "collapsed": true
   },
   "outputs": [],
   "source": []
  },
  {
   "cell_type": "code",
   "execution_count": null,
   "metadata": {
    "collapsed": true
   },
   "outputs": [],
   "source": []
  }
 ],
 "metadata": {
  "anaconda-cloud": {},
  "kernelspec": {
   "display_name": "Python [Root]",
   "language": "python",
   "name": "Python [Root]"
  },
  "language_info": {
   "codemirror_mode": {
    "name": "ipython",
    "version": 3
   },
   "file_extension": ".py",
   "mimetype": "text/x-python",
   "name": "python",
   "nbconvert_exporter": "python",
   "pygments_lexer": "ipython3",
   "version": "3.5.2"
  }
 },
 "nbformat": 4,
 "nbformat_minor": 0
}
